# Frame list with one line of data per frame:
#   FRAME_ID, RIG_ID, RIG_FROM_WORLD[QW, QX, QY, QZ, TX, TY, TZ], NUM_DATA_IDS, DATA_IDS[] as (SENSOR_TYPE, SENSOR_ID, DATA_ID)
# Number of frames: 49
1 1 0.9981258825298972 -0.032156904033132296 -0.048189082246375366 -0.01970960423676631 0.71238526198657826 -0.98672099127159651 6.5291955096133441 1 CAMERA 1 1
2 1 0.99818786923235681 -0.033288401394089791 -0.046138966902927597 -0.019597341225895706 0.72170025981607933 -1.0281585558248025 6.4237033828168792 1 CAMERA 1 2
3 1 0.99919651989449987 -0.027205377443148604 -0.026921942110770945 -0.011890799042976782 1.0709434816860286 -0.038613538512710301 0.21417056363313455 1 CAMERA 1 3
4 1 0.99919241310417972 -0.026669433808777513 -0.027547602694928012 -0.012016342252450797 1.1146383798283317 0.012639990527675407 -0.48873079712624162 1 CAMERA 1 4
5 1 0.99921294306766306 -0.025817391645703527 -0.027621942633196474 -0.011999374143679563 1.1278506017096501 0.031831646000031459 -0.79880505485204811 1 CAMERA 1 5
6 1 0.99923287152997387 -0.024768893595934816 -0.02752201907030984 -0.012755737151943574 1.1022508064153882 0.040138131603705565 -0.93099775165908727 1 CAMERA 1 6
7 1 0.99932209341620437 -0.022911905642627219 -0.025441610835798541 -0.013532280966562119 0.93252221469477714 0.17883538366282839 -0.97421377423145028 1 CAMERA 1 7
8 1 0.99927404903590056 -0.022169710524478702 -0.027878527436098258 -0.013515419588467239 0.88885733090555874 0.18209372724857303 -1.0844819202126703 1 CAMERA 1 8
9 1 0.99912910018609669 -0.020537962414439222 -0.033192485550782844 -0.014747615540994404 0.55954655898780581 0.2022946192409309 -1.0909711116792165 1 CAMERA 1 9
10 1 0.99873533942614046 -0.019803835438999984 -0.043083472427144283 -0.016713595869131868 0.044569039212783705 0.22758832164946402 -1.1084207437903195 1 CAMERA 1 10
11 1 0.99810054407528126 -0.018589537942507287 -0.055336714534240453 -0.019687077494328603 -0.56947907503195783 0.29577197485867862 -1.1243996114726806 1 CAMERA 1 11
12 1 0.99730020117568607 -0.018161067216484569 -0.067205700337686289 -0.023364036779111891 -1.1092666503581898 0.27169040817327295 -1.2058913614589863 1 CAMERA 1 12
13 1 0.99832287276497589 -0.033604480535633377 -0.043228118570724269 -0.018801871370996592 0.72564721256636844 -1.0074416076915049 6.2895772680656661 1 CAMERA 1 13
14 1 0.99667576944685965 -0.017237847536686987 -0.07518217923384457 -0.026227983823816442 -1.459038409670544 0.30005394800095181 -1.2348880231165458 1 CAMERA 1 14
15 1 0.99647209860686914 -0.016652437317550593 -0.077048221963893604 -0.02880320332202629 -1.7643316057342195 0.34547412483994683 -1.2368937412854193 1 CAMERA 1 15
16 1 0.99657173812466537 -0.01566068853174437 -0.075047911359467492 -0.03110184249327979 -2.0917924221563942 0.36269759663111867 -1.1587502424255043 1 CAMERA 1 16
17 1 0.99690977272966474 -0.015847272881542734 -0.069506177601490055 -0.032994851924751933 -2.4093948444622231 0.35928485515187786 -1.0481455919912364 1 CAMERA 1 17
18 1 0.99740894776797384 -0.015851603584219581 -0.060787464834069146 -0.035057120464162699 -2.6977804549913746 0.36946891296274004 -0.88881280425011844 1 CAMERA 1 18
19 1 0.99807437085142381 -0.015827648765527905 -0.04719012980662364 -0.037015232444547227 -2.8971426947385037 0.37530259409754269 -0.68075935408888388 1 CAMERA 1 19
20 1 0.99879034253581545 -0.016353843723734999 -0.026760391451324729 -0.037871954029597955 -2.9707514483823783 0.31887477825149957 -0.46708714645307975 1 CAMERA 1 20
21 1 0.99916354598043833 -0.015932027682929572 -0.0047993229594771964 -0.037354322063686017 -3.1744932287448488 0.28445071809131406 -0.2282498931960244 1 CAMERA 1 21
22 1 0.99910689725922186 -0.015844471178304037 0.017008517415361312 -0.035285562450696216 -3.5496638654646455 0.2254835785364265 0.069883189414298483 1 CAMERA 1 22
23 1 0.99863172695198299 -0.015506026719650651 0.03684082090747668 -0.033719296776961331 -3.7714404971128941 0.2197569248456277 0.24576327171732013 1 CAMERA 1 23
24 1 0.99845761173585657 -0.034052441471535584 -0.040154931905225968 -0.01761846304999036 0.72986680821536409 -0.97928143026221093 5.9312834348573373 1 CAMERA 1 24
25 1 0.99797060770627433 -0.015388870372548574 0.052644219051594374 -0.032348647938891403 -3.9451549553558549 0.19719103468963262 0.35028955171207998 1 CAMERA 1 25
26 1 0.99757226022848222 -0.0149611060906554 0.060946552828664846 -0.030187226197258468 -4.0188040444608157 0.19041785897455066 0.45375448161986009 1 CAMERA 1 26
27 1 0.99759877302449784 -0.014393949496950905 0.062132321389640206 -0.027001424344472814 -3.8762980329145531 0.17748453970071698 0.39993248269024628 1 CAMERA 1 27
28 1 0.9978080074026271 -0.01371188588232581 0.06005490266059034 -0.024177948944770915 -3.674870229362138 0.140602209863225 0.33898859878364901 1 CAMERA 1 28
29 1 0.99828187052829997 -0.012887078714477047 0.052971509552296001 -0.021476716519907305 -3.1570075093780172 0.10124624479129188 0.21681665485495646 1 CAMERA 1 29
30 1 0.9988319884838136 -0.012053730662586715 0.042920382030731466 -0.018633495778323652 -2.482575811542894 0.066183134099765992 0.028372219553403816 1 CAMERA 1 30
31 1 0.99942717124147062 -0.011393606598816212 0.027802679263469108 -0.015573250743382852 -1.5361821360392676 0.071408599177912202 -0.1394321078812078 1 CAMERA 1 31
32 1 0.99981003031185467 -0.011304551832370094 0.0089670315542702099 -0.013103539246419655 -0.42310250478794975 0.13852305398129644 -0.30318923549677129 1 CAMERA 1 32
33 1 0.999802832013028 -0.010531359039555547 -0.010897366814667797 -0.012831016016496163 0.73039687395851227 0.18490511036051221 -0.44553041341358174 1 CAMERA 1 33
34 1 0.99943748404844723 -0.00898381170219038 -0.02835607676628156 -0.015489981169589728 1.6558537843901353 0.23019053644543153 -0.51009155237809645 1 CAMERA 1 34
35 1 0.99857926507409833 -0.033797547887641263 -0.03787896767594072 -0.01619755934273592 0.79686684281460873 -0.9118828417502991 5.5212144483493271 1 CAMERA 1 35
36 1 0.99872889219514682 -0.0081418674423752325 -0.045620046175909305 -0.019827286150994983 2.4745917239342559 0.20228618178817856 -0.46025396705823579 1 CAMERA 1 36
37 1 0.99767938169654868 -0.0078502700401247624 -0.062511584643860807 -0.025817172254199019 3.0656896709359636 0.13691982705784489 -0.46646547694798823 1 CAMERA 1 37
38 1 0.99620066999004386 -0.0072390515129236175 -0.08074356097032076 -0.031816640401102672 3.4827033523010371 0.08279349551284404 -0.48686356855810425 1 CAMERA 1 38
39 1 0.99452723993616299 -0.0069830932831362576 -0.096904175709717294 -0.038423770808928684 3.6597561643456924 0.00032684526065103659 -0.46533511999851085 1 CAMERA 1 39
40 1 0.99259455136862229 -0.006730482321918748 -0.11276480493743282 -0.044663810500904379 3.8091614938338987 -0.052995958930670349 -0.45949551556604395 1 CAMERA 1 40
41 1 0.99093054042609008 -0.0066016941332538211 -0.12442127921562328 -0.050323224894437114 3.8998784592948037 -0.058972248499159802 -0.45111202414337637 1 CAMERA 1 41
42 1 0.99005841553231133 -0.006656054649359415 -0.13016154928529963 -0.052896142182627087 3.918027121277726 -0.11911909545444317 -0.46489541831402253 1 CAMERA 1 42
43 1 0.98970943709033288 -0.0068571357566677496 -0.13258546105324948 -0.053378884784607228 3.9047371237138955 -0.12226172169613453 -0.39392656448630359 1 CAMERA 1 43
44 1 0.98982394052536771 -0.0013073419082931343 -0.13159179764412227 -0.054133690182332904 3.8276406604529001 -0.050298317501815237 -0.31966302599176571 1 CAMERA 1 44
45 1 0.99871046332945601 -0.032887624207282327 -0.035516798191035918 -0.015309201694442907 0.868514475666187 -0.84082664365312232 4.9545950817364686 1 CAMERA 1 45
46 1 0.99884621697716158 -0.031695539493026073 -0.032832794671377036 -0.014954437492805337 0.89291659359163333 -0.8315699218788305 4.267961579817702 1 CAMERA 1 46
47 1 0.99896793154767982 -0.030085215753463821 -0.031040035040234306 -0.013945169669777945 1.0244881043527461 -0.7068593737010892 3.3735606622862218 1 CAMERA 1 47
48 1 0.99906352992919067 -0.028954933334949296 -0.029468184771585294 -0.01285694704280377 1.0822518174844211 -0.52707568322194576 2.2725736940611694 1 CAMERA 1 48
49 1 0.9991543466781142 -0.027380830511500372 -0.028025894195811227 -0.012467192517025326 1.100525312937755 -0.24774206336838792 1.1365504780012536 1 CAMERA 1 49
